#ChipScope Pro Analyzer Project File, Version 3.0
#Fri Nov 23 13:12:13 CET 2018
mdiAreaHeight=0.699623352165725
mdiAreaHeightLast=0.699623352165725
mdiCount=0
navigatorHeight=0.17984934086629
navigatorHeightLast=0.17984934086629
navigatorWidth=0.17999479030997656
navigatorWidthLast=0.17999479030997656
signalDisplayPath=0
unit.-1.-1.username=
