#ChipScope Pro Analyzer Project File, Version 3.0
#Tue Jul 02 13:31:41 CEST 2019
mdiAreaHeight=0.699623352165725
mdiAreaHeightLast=0.699623352165725
mdiCount=0
navigatorHeight=0.17984934086629
navigatorHeightLast=0.17984934086629
navigatorWidth=0.17999479030997656
navigatorWidthLast=0.17999479030997656
signalDisplayPath=0
unit.-1.-1.username=
